 1403638128945096960 0.0 0.0 0.0 2452.818115234375 0.0 0.0 0.0
 1403638129145096960 0.0 0.0 0.0 2424.06103515625 0.0 0.0 0.0
 1403638129245096960 0.0 0.0 0.0 2352.806884765625 0.0 0.0 0.0
 1403638129345096960 0.0 0.0 0.0 2201.594970703125 0.0 0.0 0.0
 1403638129445096960 0.0 0.0 0.0 2300.526123046875 0.0 0.0 0.0
 1403638129645096960 0.0 0.0 0.0 2280.435546875 0.0 0.0 0.0
 1403638129745096960 0.0 0.0 0.0 2292.55322265625 0.0 0.0 0.0
 1403638129845096960 0.0 0.0 0.0 2306.53369140625 0.0 0.0 0.0
 1403638129945096960 0.0 0.0 0.0 2251.134765625 0.0 0.0 0.0
 1403638130145096960 0.0 0.0 0.0 2044.26611328125 0.0 0.0 0.0
 1403638130245096960 0.0 0.0 0.0 2010.5733642578125 0.0 0.0 0.0
 1403638130345096960 0.0 0.0 0.0 1896.677978515625 0.0 0.0 0.0
 1403638130445096960 0.0 0.0 0.0 1822.0255126953125 0.0 0.0 0.0
 1403638130645096960 0.0 0.0 0.0 1988.98974609375 0.0 0.0 0.0
 1403638130745096960 0.0 0.0 0.0 2013.169677734375 0.0 0.0 0.0
 1403638130845096960 0.0 0.0 0.0 2463.12744140625 0.0 0.0 0.0
 1403638130945096960 0.0 0.0 0.0 2650.072509765625 0.0 0.0 0.0
 1403638131145096960 0.0 0.0 0.0 2631.93798828125 0.0 0.0 0.0
 1403638131245096960 0.0 0.0 0.0 2536.57470703125 0.0 0.0 0.0
 1403638131345096960 0.0 0.0 0.0 2515.214111328125 0.0 0.0 0.0
 1403638131445096960 0.0 0.0 0.0 2283.3037109375 0.0 0.0 0.0
 1403638131645096960 0.0 0.0 0.0 2114.8603515625 0.0 0.0 0.0
 1403638131745096960 0.0 0.0 0.0 2005.177001953125 0.0 0.0 0.0
 1403638131845096960 0.0 0.0 0.0 2074.788818359375 0.0 0.0 0.0
 1403638131945096960 0.0 0.0 0.0 2286.770751953125 0.0 0.0 0.0
 1403638132145096960 0.0 0.0 0.0 2182.85888671875 0.0 0.0 0.0
 1403638132245096960 0.0 0.0 0.0 2033.7376708984375 0.0 0.0 0.0
 1403638132345096960 0.0 0.0 0.0 1944.1248779296875 0.0 0.0 0.0
 1403638132445096960 0.0 0.0 0.0 1901.6319580078125 0.0 0.0 0.0
 1403638132645096960 0.0 0.0 0.0 2059.030517578125 0.0 0.0 0.0
 1403638132745096960 0.0 0.0 0.0 2481.641845703125 0.0 0.0 0.0
 1403638132845096960 0.0 0.0 0.0 2484.900146484375 0.0 0.0 0.0
 1403638132945096960 0.0 0.0 0.0 2608.81298828125 0.0 0.0 0.0
 1403638133145096960 0.0 0.0 0.0 2609.042724609375 0.0 0.0 0.0
 1403638133245096960 0.0 0.0 0.0 2428.1826171875 0.0 0.0 0.0
 1403638133345096960 0.0 0.0 0.0 2244.12109375 0.0 0.0 0.0
 1403638133445096960 0.0 0.0 0.0 2220.483642578125 0.0 0.0 0.0
 1403638133645096960 0.0 0.0 0.0 2273.340087890625 0.0 0.0 0.0
 1403638133745096960 0.0 0.0 0.0 2263.00048828125 0.0 0.0 0.0
 1403638133845096960 0.0 0.0 0.0 1993.3004150390625 0.0 0.0 0.0
 1403638133945096960 0.0 0.0 0.0 1926.2178955078125 0.0 0.0 0.0
 1403638134145096960 0.0 0.0 0.0 1939.010009765625 0.0 0.0 0.0
 1403638134245096960 0.0 0.0 0.0 2130.210205078125 0.0 0.0 0.0
 1403638134345096960 0.0 0.0 0.0 2108.920654296875 0.0 0.0 0.0
 1403638134445096960 0.0 0.0 0.0 2545.651611328125 0.0 0.0 0.0
 1403638134645096960 0.0 0.0 0.0 2514.658935546875 0.0 0.0 0.0
 1403638134745096960 0.0 0.0 0.0 2546.30517578125 0.0 0.0 0.0
 1403638134845096960 0.0 0.0 0.0 2412.142333984375 0.0 0.0 0.0
 1403638134945096960 0.0 0.0 0.0 2514.702880859375 0.0 0.0 0.0
 1403638135145096960 0.0 0.0 0.0 2438.893798828125 0.0 0.0 0.0
 1403638135245096960 0.0 0.0 0.0 2408.8544921875 0.0 0.0 0.0
 1403638135345096960 0.0 0.0 0.0 2138.873291015625 0.0 0.0 0.0
 1403638135445096960 0.0 0.0 0.0 2158.145751953125 0.0 0.0 0.0
 1403638135645096960 0.0 0.0 0.0 1967.66064453125 0.0 0.0 0.0
 1403638135745096960 0.0 0.0 0.0 1924.576904296875 0.0 0.0 0.0
 1403638135845096960 0.0 0.0 0.0 1968.863525390625 0.0 0.0 0.0
 1403638135945096960 0.0 0.0 0.0 1935.8643798828125 0.0 0.0 0.0
 1403638136145096960 0.0 0.0 0.0 1752.1226806640625 0.0 0.0 0.0
 1403638136245096960 0.0 0.0 0.0 2029.5772705078125 0.0 0.0 0.0
 1403638136345096960 0.0 0.0 0.0 2245.68212890625 0.0 0.0 0.0
 1403638136445096960 0.0 0.0 0.0 2124.02685546875 0.0 0.0 0.0
 1403638136645096960 0.0 0.0 0.0 1931.66552734375 0.0 0.0 0.0
 1403638136745096960 0.0 0.0 0.0 1973.3472900390625 0.0 0.0 0.0
 1403638136845096960 0.0 0.0 0.0 2034.0435791015625 0.0 0.0 0.0
 1403638136945096960 0.0 0.0 0.0 2198.640625 0.0 0.0 0.0
 1403638137145096960 0.0 0.0 0.0 2084.549560546875 0.0 0.0 0.0
 1403638137245096960 0.0 0.0 0.0 2080.45068359375 0.0 0.0 0.0
 1403638137345096960 0.0 0.0 0.0 2190.172119140625 0.0 0.0 0.0
 1403638137445096960 0.0 0.0 0.0 2106.612548828125 0.0 0.0 0.0
 1403638137645096960 0.0 0.0 0.0 2240.804443359375 0.0 0.0 0.0
 1403638137745096960 0.0 0.0 0.0 2269.608642578125 0.0 0.0 0.0
 1403638137845096960 0.0 0.0 0.0 2268.281982421875 0.0 0.0 0.0
 1403638137945096960 0.0 0.0 0.0 2436.369873046875 0.0 0.0 0.0
 1403638138145096960 0.0 0.0 0.0 2454.304931640625 0.0 0.0 0.0
 1403638138245096960 0.0 0.0 0.0 2452.032958984375 0.0 0.0 0.0
 1403638138345096960 0.0 0.0 0.0 2443.947509765625 0.0 0.0 0.0
 1403638138445096960 0.0 0.0 0.0 2451.8359375 0.0 0.0 0.0
 1403638138645096960 0.0 0.0 0.0 2450.28662109375 0.0 0.0 0.0
 1403638138745096960 0.0 0.0 0.0 2451.961181640625 0.0 0.0 0.0
 1403638138845096960 0.0 0.0 0.0 2447.070068359375 0.0 0.0 0.0
 1403638138945096960 0.0 0.0 0.0 2446.61962890625 0.0 0.0 0.0
 1403638139145096960 0.0 0.0 0.0 2449.022705078125 0.0 0.0 0.0
 1403638139245096960 0.0 0.0 0.0 2447.115478515625 0.0 0.0 0.0
 1403638139345096960 0.0 0.0 0.0 2446.359130859375 0.0 0.0 0.0
 1403638139445096960 0.0 0.0 0.0 2446.14892578125 0.0 0.0 0.0
 1403638139645096960 0.0 0.0 0.0 2447.3798828125 0.0 0.0 0.0
 1403638139745096960 0.0 0.0 0.0 2445.481689453125 0.0 0.0 0.0
 1403638139845096960 0.0 0.0 0.0 2445.71923828125 0.0 0.0 0.0
 1403638139945096960 0.0 0.0 0.0 2445.16552734375 0.0 0.0 0.0
 1403638140145096960 0.0 0.0 0.0 2446.241455078125 0.0 0.0 0.0
 1403638140245096960 0.0 0.0 0.0 2445.577880859375 0.0 0.0 0.0
 1403638140345096960 0.0 0.0 0.0 2445.380859375 0.0 0.0 0.0
 1403638140445096960 0.0 0.0 0.0 2445.685791015625 0.0 0.0 0.0
 1403638140645096960 0.0 0.0 0.0 2446.0029296875 0.0 0.0 0.0
 1403638140745096960 0.0 0.0 0.0 2446.14892578125 0.0 0.0 0.0
 1403638140845096960 0.0 0.0 0.0 2445.9296875 0.0 0.0 0.0
 1403638140945096960 0.0 0.0 0.0 2445.95849609375 0.0 0.0 0.0
 1403638141145096960 0.0 0.0 0.0 2444.59326171875 0.0 0.0 0.0
 1403638141245096960 0.0 0.0 0.0 2445.681396484375 0.0 0.0 0.0
 1403638141345096960 0.0 0.0 0.0 2446.123046875 0.0 0.0 0.0
 1403638141445096960 0.0 0.0 0.0 2446.884765625 0.0 0.0 0.0
 1403638141645096960 0.0 0.0 0.0 2445.944580078125 0.0 0.0 0.0
 1403638141745096960 0.0 0.0 0.0 2446.582763671875 0.0 0.0 0.0
 1403638141845096960 0.0 0.0 0.0 2445.52197265625 0.0 0.0 0.0
 1403638141945096960 0.0 0.0 0.0 2444.88330078125 0.0 0.0 0.0
 1403638142145096960 0.0 0.0 0.0 2444.343505859375 0.0 0.0 0.0
 1403638142245096960 0.0 0.0 0.0 2440.839111328125 0.0 0.0 0.0
 1403638142345096960 0.0 0.0 0.0 2440.984130859375 0.0 0.0 0.0
 1403638142445096960 0.0 0.0 0.0 2439.094970703125 0.0 0.0 0.0
 1403638142645096960 0.0 0.0 0.0 2442.906982421875 0.0 0.0 0.0
 1403638142745096960 0.0 0.0 0.0 2443.2734375 0.0 0.0 0.0
 1403638142845096960 0.0 0.0 0.0 2446.884765625 0.0 0.0 0.0
 1403638142945096960 0.0 0.0 0.0 2434.473876953125 0.0 0.0 0.0
 1403638143145096960 0.0 0.0 0.0 2435.416748046875 0.0 0.0 0.0
 1403638143245096960 0.0 0.0 0.0 2438.193603515625 0.0 0.0 0.0
 1403638143345096960 0.0 0.0 0.0 2433.4609375 0.0 0.0 0.0
 1403638143445096960 0.0 0.0 0.0 2432.400634765625 0.0 0.0 0.0
 1403638143645096960 0.0 0.0 0.0 2436.59130859375 0.0 0.0 0.0
 1403638143745096960 0.0 0.0 0.0 2433.76220703125 0.0 0.0 0.0
 1403638143845096960 0.0 0.0 0.0 2430.302490234375 0.0 0.0 0.0
 1403638143945096960 0.0 0.0 0.0 2430.183349609375 0.0 0.0 0.0
 1403638144145096960 0.0 0.0 0.0 2433.483642578125 0.0 0.0 0.0
 1403638144245096960 0.0 0.0 0.0 2431.951171875 0.0 0.0 0.0
 1403638144345096960 0.0 0.0 0.0 2436.656982421875 0.0 0.0 0.0
 1403638144445096960 0.0 0.0 0.0 2435.759033203125 0.0 0.0 0.0
 1403638144645096960 0.0 0.0 0.0 2431.830322265625 0.0 0.0 0.0
 1403638144745096960 0.0 0.0 0.0 2433.704345703125 0.0 0.0 0.0
 1403638144845096960 0.0 0.0 0.0 2433.4130859375 0.0 0.0 0.0
 1403638144945096960 0.0 0.0 0.0 2432.07861328125 0.0 0.0 0.0
 1403638145145096960 0.0 0.0 0.0 2432.906005859375 0.0 0.0 0.0
 1403638145245096960 0.0 0.0 0.0 2433.448974609375 0.0 0.0 0.0
 1403638145345096960 0.0 0.0 0.0 2431.0029296875 0.0 0.0 0.0
 1403638145445096960 0.0 0.0 0.0 2430.006103515625 0.0 0.0 0.0
 1403638145645096960 0.0 0.0 0.0 2433.211669921875 0.0 0.0 0.0
 1403638145745096960 0.0 0.0 0.0 2432.412841796875 0.0 0.0 0.0
 1403638145845096960 0.0 0.0 0.0 2433.351806640625 0.0 0.0 0.0
 1403638145945096960 0.0 0.0 0.0 2433.13525390625 0.0 0.0 0.0
 1403638146145096960 0.0 0.0 0.0 2433.094970703125 0.0 0.0 0.0
 1403638146245096960 0.0 0.0 0.0 2433.439697265625 0.0 0.0 0.0
 1403638146345096960 0.0 0.0 0.0 2432.5556640625 0.0 0.0 0.0
 1403638146445096960 0.0 0.0 0.0 2433.908203125 0.0 0.0 0.0
 1403638146645096960 0.0 0.0 0.0 2433.504638671875 0.0 0.0 0.0
 1403638146745096960 0.0 0.0 0.0 2429.68603515625 0.0 0.0 0.0
 1403638146845096960 0.0 0.0 0.0 2430.814697265625 0.0 0.0 0.0
 1403638146945096960 0.0 0.0 0.0 2431.67578125 0.0 0.0 0.0
 1403638147145096960 0.0 0.0 0.0 2429.7724609375 0.0 0.0 0.0
 1403638147245096960 0.0 0.0 0.0 2430.242431640625 0.0 0.0 0.0
 1403638147345096960 0.0 0.0 0.0 2427.80810546875 0.0 0.0 0.0
 1403638147445096960 0.0 0.0 0.0 2417.83544921875 0.0 0.0 0.0
 1403638147645096960 0.0 0.0 0.0 2428.912109375 0.0 0.0 0.0
 1403638147745096960 0.0 0.0 0.0 2402.95947265625 0.0 0.0 0.0
 1403638147845096960 0.0 0.0 0.0 2269.10205078125 0.0 0.0 0.0
 1403638147945096960 0.0 0.0 0.0 2222.448486328125 0.0 0.0 0.0
 1403638148145096960 0.0 0.0 0.0 2148.37109375 0.0 0.0 0.0
 1403638148245096960 0.0 0.0 0.0 1996.2698974609375 0.0 5.644354343414307 0.0
 1403638148345096960 0.0 0.0 0.0 1949.294189453125 0.0 0.0 0.0
 1403638148445096960 0.0 0.0 0.0 1820.7066650390625 0.0 0.0 0.0
 1403638148645096960 0.0 0.0 0.0 1878.6673583984375 0.0 0.0 0.0
 1403638148745096960 0.0 0.0 0.0 1885.2462158203125 0.0 0.0 0.0
 1403638148845096960 0.0 0.0 0.0 1857.5562744140625 0.0 0.0 0.0
 1403638148945096960 0.0 0.0 0.0 1906.733642578125 0.0 0.0 0.0
 1403638149145096960 0.0 0.0 0.0 2147.27392578125 0.0 0.0 0.0
 1403638149245096960 0.0 0.0 0.0 2431.529541015625 0.0 0.0 0.0
 1403638149345096960 0.0 0.0 0.0 2436.111572265625 0.0 0.0 0.0
 1403638149445096960 0.0 0.0 0.0 2500.356201171875 0.0 0.0 0.0
 1403638149645096960 0.0 0.0 0.0 2491.671630859375 0.0 0.0 0.0
 1403638149745096960 0.0 0.0 0.0 2445.429443359375 0.0 0.0 0.0
 1403638149845096960 0.0 0.0 0.0 2459.956298828125 0.0 0.0 0.0
 1403638149945096960 0.0 0.0 0.0 2460.538330078125 0.0 0.0 0.0
 1403638150145096960 0.0 0.0 0.0 2434.9990234375 0.0 0.0 0.0
 1403638150245096960 0.0 0.0 0.0 2414.482177734375 0.0 0.0 0.0
 1403638150345096960 0.0 0.0 0.0 2444.60986328125 0.0 0.0 0.0
 1403638150445096960 0.0 0.0 0.0 2582.260009765625 0.0 0.0 0.0
 1403638150645096960 0.0 0.0 0.0 2467.295654296875 0.0 0.0 0.0
 1403638150745096960 0.0 0.0 0.0 2429.01611328125 0.0 0.0 0.0
 1403638150845096960 0.0 0.0 0.0 2480.723876953125 0.0 0.0 0.0
 1403638150945096960 0.0 0.0 0.0 2567.833740234375 0.0 0.0 0.0
 1403638151145096960 0.0 0.0 0.0 2457.6396484375 0.0 0.0 0.0
 1403638151245096960 0.0 0.0 0.0 2534.681396484375 0.0 0.0 0.0
 1403638151345096960 0.0 0.0 0.0 2483.46533203125 0.0 0.0 0.0
 1403638151445096960 0.0 0.0 0.0 2563.046142578125 0.0 0.0 0.0
 1403638151645096960 0.0 0.0 0.0 2168.953125 0.0 0.0 0.0
 1403638151745096960 0.0 0.0 0.0 2210.421875 0.0 0.0 0.0
 1403638151845096960 0.0 0.0 0.0 2279.658447265625 0.0 0.0 0.0
 1403638151945096960 0.0 0.0 0.0 2238.892578125 0.0 0.0 0.0
 1403638152145096960 0.0 0.0 0.0 2067.66162109375 0.0 0.0 0.0
 1403638152245096960 0.0 0.0 0.0 1892.6407470703125 0.0 0.0 0.0
 1403638152345096960 0.0 0.0 0.0 1953.476806640625 0.0 0.0 0.0
 1403638152445096960 0.0 0.0 0.0 2000.2978515625 0.0 0.0 0.0
 1403638152645096960 0.0 0.0 0.0 1937.0223388671875 0.0 0.0 0.0
 1403638152745096960 0.0 0.0 0.0 1814.2275390625 0.0 0.0 0.0
 1403638152845096960 0.0 0.0 0.0 1822.4371337890625 0.0 0.0 0.0
 1403638152945096960 0.0 0.0 0.0 1876.4056396484375 0.0 0.0 0.0
 1403638153145096960 0.0 0.0 0.0 1792.3551025390625 0.0 0.0 0.0
 1403638153245096960 0.0 0.0 0.0 1784.773681640625 0.0 0.0 0.0
 1403638153345096960 0.0 0.0 0.0 1777.8314208984375 0.0 0.0 0.0
 1403638153445096960 0.0 0.0 0.0 1777.9207763671875 0.0 0.0 0.0
 1403638153645096960 0.0 0.0 0.0 1686.541259765625 0.0 0.0 0.0
 1403638153745096960 0.0 0.0 0.0 1640.9830322265625 0.0 0.0 0.0
 1403638153845096960 0.0 0.0 0.0 1644.1595458984375 0.0 0.0 0.0
 1403638153945096960 0.0 0.0 0.0 1772.8394775390625 0.0 0.0 0.0
 1403638154145096960 0.0 0.0 0.0 1756.54443359375 0.0 0.0 0.0
 1403638154245096960 0.0 0.0 0.0 1803.8536376953125 0.0 0.0 0.0
 1403638154345096960 0.0 0.0 0.0 1932.6617431640625 0.0 0.0 0.0
 1403638154445096960 0.0 0.0 0.0 2088.0498046875 0.0 0.0 0.0
 1403638154645096960 0.0 0.0 0.0 2260.40478515625 0.0 0.0 0.0
 1403638154745096960 0.0 0.0 0.0 2254.03076171875 0.0 0.0 0.0
 1403638154845096960 0.0 0.0 0.0 2283.568603515625 0.0 0.0 0.0
 1403638154945096960 0.0 0.0 0.0 2386.642822265625 0.0 0.0 0.0
 1403638155145096960 0.0 0.0 0.0 2443.6220703125 0.0 0.0 0.0
 1403638155245096960 0.0 0.0 0.0 2550.505615234375 0.0 0.0 0.0
 1403638155345096960 0.0 0.0 0.0 2556.96826171875 0.0 0.0 0.0
 1403638155445096960 0.0 0.0 0.0 2617.8271484375 0.0 0.0 0.0
 1403638155645096960 0.0 0.0 0.0 2498.068115234375 0.0 0.0 0.0
 1403638155745096960 0.0 0.0 0.0 2486.807861328125 0.0 0.0 0.0
 1403638155845096960 0.0 0.0 0.0 2552.0771484375 0.0 0.0 0.0
 1403638155945096960 0.0 0.0 0.0 2643.892333984375 0.0 0.0 0.0
 1403638156145096960 0.0 0.0 0.0 2536.334228515625 0.0 0.0 0.0
 1403638156245096960 0.0 0.0 0.0 2539.8486328125 0.0 0.0 0.0
 1403638156345096960 0.0 0.0 0.0 2528.647216796875 0.0 0.0 0.0
 1403638156445096960 0.0 0.0 0.0 2568.989501953125 0.0 0.0 0.0
 1403638156645096960 0.0 0.0 0.0 2493.97412109375 0.0 0.0 0.0
 1403638156745096960 0.0 0.0 0.0 2457.569580078125 0.0 0.0 0.0
 1403638156845096960 0.0 0.0 0.0 2428.953369140625 0.0 0.0 0.0
 1403638156945096960 0.0 0.0 0.0 2467.463623046875 0.0 0.0 0.0
 1403638157145096960 0.0 0.0 0.0 2433.56396484375 0.0 0.0 0.0
 1403638157245096960 0.0 0.0 0.0 2412.61376953125 0.0 0.0 0.0
 1403638157345096960 0.0 0.0 0.0 2426.329345703125 0.0 0.0 0.0
 1403638157445096960 0.0 0.0 0.0 2534.86474609375 0.0 0.0 0.0
 1403638157645096960 0.0 0.0 0.0 2478.793212890625 0.0 0.0 0.0
 1403638157745096960 0.0 0.0 0.0 2475.905517578125 0.0 0.0 0.0
 1403638157845096960 0.0 0.0 0.0 2496.696533203125 0.0 0.0 0.0
 1403638157945096960 0.0 0.0 0.0 2543.648681640625 0.0 0.0 0.0
 1403638158145096960 0.0 0.0 0.0 2457.435791015625 0.0 0.0 0.0
 1403638158245096960 0.0 0.0 0.0 2428.604736328125 0.0 0.0 0.0
 1403638158345096960 0.0 0.0 0.0 2446.139404296875 0.0 0.0 0.0
 1403638158445096960 0.0 0.0 0.0 2496.810791015625 0.0 0.0 0.0
 1403638158645096960 0.0 0.0 0.0 2477.677001953125 0.0 0.0 0.0
 1403638158745096960 0.0 0.0 0.0 2466.103515625 0.0 0.0 0.0
 1403638158845096960 0.0 0.0 0.0 2428.618408203125 0.0 0.0 0.0
 1403638158945096960 0.0 0.0 0.0 2439.567626953125 0.0 0.0 0.0
 1403638159145096960 0.0 0.0 0.0 2317.163330078125 0.0 0.0 0.0
 1403638159245096960 0.0 0.0 0.0 2270.8515625 0.0 0.0 0.0
 1403638159345096960 0.0 0.0 0.0 2403.680908203125 0.0 0.0 0.0
 1403638159445096960 0.0 0.0 0.0 2457.00830078125 0.0 0.0 0.0
 1403638159645096960 0.0 0.0 0.0 2413.85205078125 0.0 0.0 0.0
 1403638159745096960 0.0 0.0 0.0 2439.2177734375 0.0 0.0 0.0
 1403638159845096960 0.0 0.0 0.0 2421.6884765625 0.0 0.0 0.0
 1403638159945096960 0.0 0.0 0.0 2437.82470703125 0.0 0.0 0.0
 1403638160145096960 0.0 0.0 0.0 2433.924072265625 0.0 0.0 0.0
 1403638160245096960 0.0 0.0 0.0 2456.854736328125 0.0 0.0 0.0
 1403638160345096960 0.0 0.0 0.0 2482.727294921875 0.0 0.0 0.0
 1403638160445096960 0.0 0.0 0.0 2511.10302734375 0.0 0.0 0.0
 1403638160645096960 0.0 0.0 0.0 2418.136474609375 0.0 0.0 0.0
 1403638160745096960 0.0 0.0 0.0 2439.972900390625 0.0 0.0 0.0
 1403638160845096960 0.0 0.0 0.0 2398.128662109375 0.0 0.0 0.0
 1403638160945096960 0.0 0.0 0.0 2555.18017578125 0.0 0.0 0.0
 1403638161145096960 0.0 0.0 0.0 2463.018310546875 0.0 0.0 0.0
 1403638161245096960 0.0 0.0 0.0 2405.16259765625 0.0 0.0 0.0
 1403638161345096960 0.0 0.0 0.0 2403.28515625 0.0 0.0 0.0
 1403638161445096960 0.0 0.0 0.0 2435.88037109375 0.0 0.0 0.0
 1403638161645096960 0.0 0.0 0.0 2436.082763671875 0.0 0.0 0.0
 1403638161745096960 0.0 0.0 0.0 2430.84814453125 0.0 0.0 0.0
 1403638161845096960 0.0 0.0 0.0 2407.3232421875 0.0 0.0 0.0
 1403638161945096960 0.0 0.0 0.0 2452.446044921875 0.0 0.0 0.0
 1403638162145096960 0.0 0.0 0.0 2436.40771484375 0.0 0.0 0.0
 1403638162245096960 0.0 0.0 0.0 2398.75048828125 0.0 0.0 0.0
 1403638162345096960 0.0 0.0 0.0 2368.320556640625 0.0 0.0 0.0
 1403638162445096960 0.0 0.0 0.0 2430.73486328125 0.0 0.0 0.0
 1403638162645096960 0.0 0.0 0.0 2389.904296875 0.0 0.0 0.0
 1403638162745096960 0.0 0.0 0.0 2383.83349609375 0.0 0.0 0.0
 1403638162845096960 0.0 0.0 0.0 2356.100830078125 0.0 0.0 0.0
 1403638162945096960 0.0 0.0 0.0 2532.8720703125 0.0 0.0 0.0
 1403638163145096960 0.0 0.0 0.0 2480.495849609375 0.0 0.0 0.0
 1403638163245096960 0.0 0.0 0.0 2465.60302734375 0.0 0.0 0.0
 1403638163345096960 0.0 0.0 0.0 2391.9462890625 0.0 0.0 0.0
 1403638163445096960 0.0 0.0 0.0 2503.82666015625 0.0 0.0 0.0
 1403638163645096960 0.0 0.0 0.0 2397.369140625 0.0 0.0 0.0
 1403638163745096960 0.0 0.0 0.0 2412.35107421875 0.0 0.0 0.0
 1403638163845096960 0.0 0.0 0.0 2404.98583984375 0.0 0.0 0.0
 1403638163945096960 0.0 0.0 0.0 2442.944091796875 0.0 0.0 0.0
 1403638164145096960 0.0 0.0 0.0 2381.307373046875 0.0 0.0 0.0
 1403638164245096960 0.0 0.0 0.0 2350.385009765625 0.0 0.0 0.0
 1403638164345096960 0.0 0.0 0.0 2331.9560546875 0.0 0.0 0.0
 1403638164445096960 0.0 0.0 0.0 2414.035400390625 0.0 0.0 0.0
 1403638164645096960 0.0 0.0 0.0 2387.537353515625 0.0 0.0 0.0
 1403638164745096960 0.0 0.0 0.0 2399.96142578125 0.0 0.0 0.0
 1403638164845096960 0.0 0.0 0.0 2267.836181640625 0.0 0.0 0.0
 1403638164945096960 0.0 0.0 0.0 2491.69677734375 0.0 0.0 0.0
 1403638165145096960 0.0 0.0 0.0 2254.139404296875 0.0 0.0 0.0
 1403638165245096960 0.0 0.0 0.0 2213.374267578125 0.0 0.0 0.0
 1403638165345096960 0.0 0.0 0.0 2083.616943359375 0.0 0.0 0.0
 1403638165445096960 0.0 0.0 0.0 2172.037841796875 0.0 0.0 0.0
 1403638165645096960 0.0 0.0 0.0 1997.198486328125 0.0 0.0 0.0
 1403638165745096960 0.0 0.0 0.0 2013.5357666015625 0.0 0.0 0.0
 1403638165845096960 0.0 0.0 0.0 2058.251953125 0.0 0.0 0.0
 1403638165945096960 0.0 0.0 0.0 2192.62060546875 0.0 0.0 0.0
 1403638166145096960 0.0 0.0 0.0 2114.701416015625 0.0 0.0 0.0
 1403638166245096960 0.0 0.0 0.0 2085.763671875 0.0 0.0 0.0
 1403638166345096960 0.0 0.0 0.0 2136.539306640625 0.0 0.0 0.0
 1403638166445096960 0.0 0.0 0.0 2169.045166015625 0.0 0.0 0.0
 1403638166645096960 0.0 0.0 0.0 2144.148681640625 0.0 0.0 0.0
 1403638166745096960 0.0 0.0 0.0 2146.0341796875 0.0 0.0 0.0
 1403638166845096960 0.0 0.0 0.0 2166.492431640625 0.0 0.0 0.0
 1403638166945096960 0.0 0.0 0.0 2182.65478515625 0.0 0.0 0.0
 1403638167145096960 0.0 0.0 0.0 2131.594970703125 0.0 0.0 0.0
 1403638167245096960 0.0 0.0 0.0 2113.6298828125 0.0 0.0 0.0
 1403638167345096960 0.0 0.0 0.0 2083.934814453125 0.0 0.0 0.0
 1403638167445096960 0.0 0.0 0.0 2193.581298828125 0.0 0.0 0.0
 1403638167645096960 0.0 0.0 0.0 2080.324951171875 0.0 0.0 0.0
 1403638167745096960 0.0 0.0 0.0 2109.627197265625 0.0 0.0 0.0
 1403638167845096960 0.0 0.0 0.0 2092.8525390625 0.0 0.0 0.0
 1403638167945096960 0.0 0.0 0.0 2143.438720703125 0.0 0.0 0.0
 1403638168145096960 0.0 0.0 0.0 2141.949462890625 0.0 0.0 0.0
 1403638168245096960 0.0 0.0 0.0 2133.167724609375 0.0 0.0 0.0
 1403638168345096960 0.0 0.0 0.0 2161.225830078125 0.0 0.0 0.0
 1403638168445096960 0.0 0.0 0.0 2223.8701171875 0.0 0.0 0.0
 1403638168645096960 0.0 0.0 0.0 2114.119140625 0.0 0.0 0.0
 1403638168745096960 0.0 0.0 0.0 2081.482666015625 0.0 0.0 0.0
 1403638168845096960 0.0 0.0 0.0 2075.862060546875 0.0 0.0 0.0
 1403638168945096960 0.0 0.0 0.0 2221.509765625 0.0 0.0 0.0
 1403638169145096960 0.0 0.0 0.0 2132.156494140625 0.0 0.0 0.0
 1403638169245096960 0.0 0.0 0.0 2167.3798828125 0.0 0.0 0.0
 1403638169345096960 0.0 0.0 0.0 2128.94775390625 0.0 0.0 0.0
 1403638169445096960 0.0 0.0 0.0 2136.348388671875 0.0 0.0 0.0
 1403638169645096960 0.0 0.0 0.0 2121.439697265625 0.0 0.0 0.0
 1403638169745096960 0.0 0.0 0.0 2032.5413818359375 0.0 0.0 0.0
 1403638169845096960 0.0 0.0 0.0 1916.791015625 0.0 0.0 0.0
 1403638169945096960 0.0 0.0 0.0 1907.5770263671875 0.0 0.0 0.0
 1403638170145096960 0.0 0.0 0.0 1873.2535400390625 0.0 0.0 0.0
 1403638170245096960 0.0 0.0 0.0 1867.5050048828125 0.0 0.0 0.0
 1403638170345096960 0.0 0.0 0.0 1912.770263671875 0.0 0.0 0.0
 1403638170445096960 0.0 0.0 0.0 1986.8726806640625 0.0 0.0 0.0
 1403638170645096960 0.0 0.0 0.0 1982.5189208984375 0.0 0.0 0.0
 1403638170745096960 0.0 0.0 0.0 2048.18994140625 0.0 0.0 0.0
 1403638170845096960 0.0 0.0 0.0 2138.178955078125 0.0 5.410456657409668 0.0
 1403638170945096960 0.0 0.0 0.0 2188.7626953125 0.0 0.0 0.0
 1403638171145096960 0.0 0.0 0.0 2192.662841796875 0.0 0.0 0.0
 1403638171245096960 0.0 0.0 0.0 2220.8681640625 0.0 0.0 0.0
 1403638171345096960 0.0 0.0 0.0 2246.352783203125 0.0 0.0 0.0
 1403638171445096960 0.0 0.0 0.0 2339.717041015625 0.0 0.0 0.0
 1403638171645096960 0.0 0.0 0.0 2266.005126953125 0.0 0.0 0.0
 1403638171745096960 0.0 0.0 0.0 2289.635009765625 0.0 0.0 0.0
 1403638171845096960 0.0 0.0 0.0 2248.206787109375 0.0 0.0 0.0
 1403638171945096960 0.0 0.0 0.0 2313.602294921875 0.0 0.0 0.0
 1403638172145096960 0.0 0.0 0.0 2333.1689453125 0.0 0.0 0.0
 1403638172245096960 0.0 0.0 0.0 2369.833251953125 0.0 0.0 0.0
 1403638172345096960 0.0 0.0 0.0 2296.936279296875 0.0 0.0 0.0
 1403638172445096960 0.0 0.0 0.0 2317.84912109375 0.0 0.0 0.0
 1403638172645096960 0.0 0.0 0.0 2336.819580078125 0.0 0.0 0.0
 1403638172745096960 0.0 0.0 0.0 2368.046875 0.0 0.0 0.0
 1403638172845096960 0.0 0.0 0.0 2325.909423828125 0.0 0.0 0.0
 1403638172945096960 0.0 0.0 0.0 2354.525146484375 0.0 0.0 0.0
 1403638173145096960 0.0 0.0 0.0 2297.10205078125 0.0 0.0 0.0
 1403638173245096960 0.0 0.0 0.0 1929.5472412109375 0.0 0.0 0.0
 1403638173345096960 0.0 0.0 0.0 1946.208984375 0.0 0.0 0.0
 1403638173445096960 0.0 0.0 0.0 2047.911865234375 0.0 0.0 0.0
 1403638173645096960 0.0 0.0 0.0 1991.9361572265625 0.0 0.0 0.0
 1403638173745096960 0.0 0.0 0.0 1988.8594970703125 0.0 0.0 0.0
 1403638173845096960 0.0 0.0 0.0 2220.6044921875 0.0 0.0 0.0
 1403638173945096960 0.0 0.0 0.0 2395.253662109375 0.0 0.0 0.0
 1403638174145096960 0.0 0.0 0.0 2466.5048828125 0.0 0.0 0.0
 1403638174245096960 0.0 0.0 0.0 2424.149169921875 0.0 0.0 0.0
 1403638174345096960 0.0 0.0 0.0 2412.066650390625 0.0 0.0 0.0
 1403638174445096960 0.0 0.0 0.0 2381.28125 0.0 0.0 0.0
 1403638174645096960 0.0 0.0 0.0 2294.326416015625 0.0 0.0 0.0
 1403638174745096960 0.0 0.0 0.0 2266.746337890625 0.0 0.0 0.0
 1403638174845096960 0.0 0.0 0.0 2241.268798828125 0.0 0.0 0.0
 1403638174945096960 0.0 0.0 0.0 2308.77001953125 0.0 0.0 0.0
 1403638175145096960 0.0 0.0 0.0 2233.12841796875 0.0 18.983551025390625 0.0
 1403638175245096960 0.0 0.0 0.0 2202.54833984375 0.0 10.958803176879883 0.0
 1403638175345096960 0.0 0.0 0.0 2149.77490234375 0.0 0.0 0.0
 1403638175445096960 0.0 0.0 0.0 2156.025634765625 0.0 0.0 0.0
 1403638175645096960 0.0 0.0 0.0 2134.007568359375 0.0 0.0 0.0
 1403638175745096960 0.0 0.0 0.0 2148.856201171875 0.0 0.0 0.0
 1403638175845096960 0.0 0.0 0.0 2135.0146484375 0.0 0.0 0.0
 1403638175945096960 0.0 0.0 0.0 2153.382568359375 0.0 0.0 0.0
 1403638176145096960 0.0 0.0 0.0 2131.281982421875 0.0 0.0 0.0
 1403638176245096960 0.0 0.0 0.0 2157.998046875 0.0 0.0 0.0
 1403638176345096960 0.0 0.0 0.0 2109.4365234375 0.0 0.0 0.0
 1403638176445096960 0.0 0.0 0.0 2133.07958984375 0.0 0.0 0.0
 1403638176645096960 0.0 0.0 0.0 2104.5126953125 0.0 0.0 0.0
 1403638176745096960 0.0 0.0 0.0 2107.889404296875 0.0 0.0 0.0
 1403638176845096960 0.0 0.0 0.0 2122.626953125 0.0 0.0 0.0
 1403638176945096960 0.0 0.0 0.0 2115.21337890625 0.0 0.0 0.0
 1403638177145096960 0.0 0.0 0.0 2084.591552734375 0.0 0.0 0.0
 1403638177245096960 0.0 0.0 0.0 2067.287109375 0.0 0.0 0.0
 1403638177345096960 0.0 0.0 0.0 2083.55908203125 0.0 0.0 0.0
 1403638177445096960 0.0 0.0 0.0 2150.2978515625 0.0 0.0 0.0
 1403638177645096960 0.0 0.0 0.0 2102.2958984375 0.0 0.0 0.0
 1403638177745096960 0.0 0.0 0.0 2117.04638671875 0.0 0.0 0.0
 1403638177845096960 0.0 0.0 0.0 2113.82958984375 0.0 0.0 0.0
 1403638177945096960 0.0 0.0 0.0 2156.480712890625 0.0 0.0 0.0
 1403638178145096960 0.0 0.0 0.0 2070.814697265625 0.0 0.0 0.0
 1403638178245096960 0.0 0.0 0.0 2032.1669921875 0.0 0.0 0.0
 1403638178345096960 0.0 0.0 0.0 2030.120361328125 0.0 0.0 0.0
 1403638178445096960 0.0 0.0 0.0 2004.8173828125 0.0 0.0 0.0
 1403638178645096960 0.0 0.0 0.0 1904.5863037109375 0.0 0.0 0.0
 1403638178745096960 0.0 0.0 0.0 1900.8270263671875 0.0 0.0 0.0
 1403638178845096960 0.0 0.0 0.0 1807.0672607421875 0.0 0.0 0.0
 1403638178945096960 0.0 0.0 0.0 1838.919921875 0.0 0.0 0.0
 1403638179145096960 0.0 0.0 0.0 1693.3699951171875 0.0 0.0 0.0
 1403638179245096960 0.0 0.0 0.0 1663.2191162109375 0.0 0.0 0.0
 1403638179345096960 0.0 0.0 0.0 1620.653076171875 0.0 0.0 0.0
 1403638179445096960 0.0 0.0 0.0 1657.619384765625 0.0 0.0 0.0
 1403638179645096960 0.0 0.0 0.0 1505.966064453125 0.0 0.0 0.0
 1403638179745096960 0.0 0.0 0.0 1441.8975830078125 0.0 0.0 0.0
 1403638179845096960 0.0 0.0 0.0 1377.064453125 0.0 0.0 0.0
 1403638179945096960 0.0 0.0 0.0 1401.12158203125 0.0 0.0 0.0
 1403638180145096960 0.0 0.0 0.0 1303.2750244140625 0.0 0.0 0.0
 1403638180245096960 0.0 0.0 0.0 1270.974853515625 0.0 0.0 0.0
 1403638180345096960 0.0 0.0 0.0 1283.615478515625 0.0 0.0 0.0
 1403638180445096960 0.0 0.0 0.0 1272.709228515625 0.0 0.0 0.0
 1403638180645096960 0.0 0.0 0.0 1205.9090576171875 0.0 0.0 0.0
 1403638180745096960 0.0 0.0 0.0 1225.47607421875 0.0 0.0 0.0
 1403638180845096960 0.0 0.0 0.0 1228.72412109375 0.0 0.0 0.0
 1403638180945096960 0.0 0.0 0.0 1214.305419921875 0.0 0.0 0.0
 1403638181145096960 0.0 0.0 0.0 1153.16943359375 0.0 0.0 0.0
 1403638181245096960 0.0 0.0 0.0 1126.5089111328125 0.0 0.0 0.0
 1403638181345096960 0.0 0.0 0.0 1091.2366943359375 0.0 0.0 0.0
 1403638181445096960 0.0 0.0 0.0 1130.4715576171875 0.0 0.0 0.0
 1403638181645096960 0.0 0.0 0.0 1020.6976318359375 0.0 0.0 0.0
 1403638181745096960 0.0 0.0 0.0 991.0018920898438 0.0 0.0 0.0
 1403638181845096960 0.0 0.0 0.0 1003.8446655273438 0.0 0.0 0.0
 1403638181945096960 0.0 0.0 0.0 1081.5150146484375 0.0 0.0 0.0
 1403638182145096960 0.0 0.0 0.0 1089.4566650390625 0.0 0.0 0.0
 1403638182245096960 0.0 0.0 0.0 1080.286865234375 0.0 0.0 0.0
 1403638182345096960 0.0 0.0 0.0 1097.904052734375 0.0 0.0 0.0
 1403638182445096960 0.0 0.0 0.0 1138.668701171875 0.0 0.0 0.0
 1403638182645096960 0.0 0.0 0.0 1110.7034912109375 0.0 0.0 0.0
 1403638182745096960 0.0 0.0 0.0 1109.7701416015625 0.0 0.0 0.0
 1403638182845096960 0.0 0.0 0.0 1066.181396484375 0.0 0.0 0.0
 1403638182945096960 0.0 0.0 0.0 1032.9891357421875 0.0 0.0 0.0
 1403638183145096960 0.0 0.0 0.0 887.0684204101562 0.0 0.0 0.0
 1403638183245096960 0.0 0.0 0.0 892.7350463867188 0.0 0.0 0.0
 1403638183345096960 0.0 0.0 0.0 881.5552978515625 0.0 0.0 0.0
 1403638183445096960 0.0 0.0 0.0 872.6299438476562 0.0 0.0 0.0
 1403638183645096960 0.0 0.0 0.0 812.4786987304688 0.0 0.0 0.0
 1403638183745096960 0.0 0.0 0.0 770.9520874023438 0.0 0.0 0.0
 1403638183845096960 0.0 0.0 0.0 757.6553344726562 0.0 0.0 0.0
 1403638183945096960 0.0 0.0 0.0 726.7272338867188 0.0 0.0 0.0
 1403638184145096960 0.0 0.0 0.0 722.6760864257812 0.0 0.0 6.124520778656006
 1403638184245096960 0.0 0.0 0.0 718.0094604492188 0.0 0.0 10.921927452087402
 1403638184345096960 0.0 0.0 0.0 666.5877685546875 0.0 0.0 0.0
 1403638184445096960 0.0 0.0 0.0 667.9299926757812 0.0 0.0 14.759099006652832
 1403638184645096960 0.0 0.0 0.0 620.013427734375 0.0 0.0 17.859792709350586
 1403638184745096960 0.0 0.0 0.0 599.1946411132812 0.0 0.0 18.684593200683594
 1403638184845096960 0.0 0.0 0.0 597.8846435546875 0.0 0.0 27.463504791259766
 1403638184945096960 0.0 0.0 0.0 592.8788452148438 0.0 0.0 29.81475257873535
 1403638185145096960 0.0 0.0 0.0 564.3594970703125 0.0 0.0 28.26796531677246
 1403638185245096960 0.0 0.0 0.0 553.61865234375 0.0 0.0 26.275949478149414
 1403638185345096960 0.0 0.0 0.0 536.0385131835938 0.0 0.0 26.8105411529541
 1403638185445096960 0.0 0.0 0.0 571.246826171875 0.0 0.0 42.45161819458008
 1403638185645096960 0.0 0.0 0.0 520.826416015625 0.0 0.0 48.06470489501953
 1403638185745096960 0.0 0.0 0.0 506.94195556640625 0.0 0.0 56.30816650390625
 1403638185845096960 0.0 0.0 0.0 492.41241455078125 0.0 0.0 49.59355545043945
 1403638185945096960 0.0 0.0 0.0 495.4449768066406 0.0 0.0 51.5367546081543
 1403638186145096960 0.0 0.0 0.0 486.2154846191406 0.0 0.0 57.568607330322266
 1403638186245096960 0.0 0.0 0.0 480.35906982421875 0.0 0.0 56.96853256225586
 1403638186345096960 0.0 0.0 0.0 474.7817077636719 0.0 0.0 54.61918640136719
 1403638186445096960 0.0 0.0 0.0 499.72979736328125 0.0 0.038264259696006775 67.67080688476562
 1403638186645096960 0.0 0.0 0.0 452.4502868652344 0.0 0.0 48.43218231201172
 1403638186745096960 0.0 0.0 0.0 447.2076416015625 0.0 0.0 49.49259948730469
 1403638186845096960 0.0 0.0 0.0 452.42242431640625 0.0 0.0 49.503902435302734
 1403638186945096960 0.0 0.0 0.0 479.1131286621094 0.0 0.0 56.782527923583984
 1403638187145096960 0.0 0.0 0.0 407.300537109375 0.0 0.0 32.700233459472656
 1403638187245096960 0.0 0.0 0.0 395.7701416015625 0.0 0.0 43.453678131103516
 1403638187345096960 0.0 0.0 0.0 378.7221984863281 0.0 0.33009570837020874 55.63917541503906
 1403638187445096960 0.0 0.0 0.0 390.80230712890625 0.0 0.030312906950712204 52.94923400878906
 1403638187645096960 0.0 0.0 0.0 363.4909362792969 0.0 0.7064515352249146 59.00740051269531
 1403638187745096960 0.0 0.0 0.0 354.97564697265625 0.0 0.3645448088645935 52.95001220703125
 1403638187845096960 0.0 0.0 0.0 337.1710205078125 0.0 0.0 43.94751739501953
 1403638187945096960 0.0 0.0 0.0 356.24517822265625 0.0 0.0 41.14179611206055
 1403638188145096960 0.0 0.0 0.0 340.6078796386719 0.0 0.0 30.86515998840332
 1403638188245096960 0.0 0.0 0.0 349.8388977050781 0.0 0.0 40.502784729003906
 1403638188345096960 0.0 0.0 0.0 335.6077880859375 0.0 0.0 36.99923324584961
 1403638188445096960 0.0 0.0 0.0 339.28662109375 0.0 0.0 30.975988388061523
 1403638188645096960 0.0 0.0 0.0 313.0379333496094 0.0 0.0 18.91272735595703
 1403638188745096960 0.0 0.0 0.0 323.8924560546875 0.0 0.0 30.56248664855957
 1403638188845096960 0.0 0.0 0.0 319.74786376953125 0.0 0.0 7.244459629058838
 1403638188945096960 0.0 0.0 0.0 326.0860290527344 0.0 0.0 13.510981559753418
 1403638189145096960 0.0 0.0 0.0 307.0374450683594 0.0 0.0 1.1814062595367432
 1403638189245096960 0.0 0.0 0.0 346.3233947753906 0.0 0.0 21.983341217041016
 1403638189345096960 0.0 0.0 0.0 365.6515808105469 0.0 0.0 40.128719329833984
 1403638189445096960 0.0 0.0 0.0 435.0611267089844 0.0 0.0 48.71835708618164
 1403638189645096960 0.0 0.0 0.0 364.6818542480469 0.0 0.0 21.554628372192383
 1403638189745096960 0.0 0.0 0.0 368.2649230957031 0.0 0.0 33.80702209472656
 1403638189845096960 0.0 0.0 0.0 358.17333984375 0.0 3.4842493534088135 23.042802810668945
 1403638189945096960 0.0 0.0 0.0 363.4604187011719 0.0 7.7512359619140625 16.627899169921875
 1403638190145096960 0.0 0.0 0.0 384.2057189941406 0.0 0.0 37.51779556274414
 1403638190245096960 0.0 0.0 0.0 372.6917724609375 0.0 0.0 14.373451232910156
 1403638190345096960 0.0 0.0 0.0 384.9697265625 0.0 0.0 39.137489318847656
 1403638190445096960 0.0 0.0 0.0 379.2580871582031 0.0 0.0 25.078643798828125
 1403638190645096960 0.0 0.0 0.0 374.01348876953125 0.0 0.0 38.43052291870117
 1403638190745096960 0.0 0.0 0.0 394.8788757324219 0.0 0.0 42.745704650878906
 1403638190845096960 0.0 0.0 0.0 411.3875427246094 0.0 0.0 51.32643508911133
 1403638190945096960 0.0 0.0 0.0 443.2066650390625 0.0 0.0 53.98564529418945
 1403638191145096960 0.0 0.0 0.0 442.1246337890625 0.0 0.0 56.089115142822266
 1403638191245096960 0.0 0.0 0.0 422.871337890625 0.0 0.0 45.65382385253906
 1403638191345096960 0.0 0.0 0.0 408.0067443847656 0.0 0.0 34.04288101196289
 1403638191445096960 0.0 0.0 0.0 397.9787292480469 0.0 0.0 27.776649475097656
 1403638191645096960 0.0 0.0 0.0 397.5605163574219 0.0 0.0 24.644147872924805
 1403638191745096960 0.0 0.0 0.0 394.597412109375 0.0 0.0 29.909605026245117
 1403638191845096960 0.0 0.0 0.0 389.9368591308594 0.0 0.0 31.64063835144043
 1403638191945096960 0.0 0.0 0.0 402.1188659667969 0.0 0.0 34.23230743408203
 1403638192145096960 0.0 0.0 0.0 408.5343322753906 0.0 0.0 32.96880340576172
 1403638192245096960 0.0 0.0 0.0 427.85198974609375 0.0 0.0 49.21144104003906
 1403638192345096960 0.0 0.0 0.0 427.396728515625 0.0 0.49846553802490234 53.3024787902832
 1403638192445096960 0.0 0.0 0.0 483.2284851074219 0.0 7.331114768981934 59.09731674194336
 1403638192645096960 0.0 0.0 0.0 454.5548095703125 0.0 0.9585661292076111 40.19170379638672
 1403638192745096960 0.0 0.0 0.0 461.2369689941406 0.0 0.0 31.945505142211914
 1403638192845096960 0.0 0.0 0.0 482.5343933105469 0.0 0.0 38.25537872314453
 1403638192945096960 0.0 0.0 0.0 543.9227905273438 0.0 0.0 43.82146072387695
 1403638193145096960 0.0 0.0 0.0 543.0413208007812 0.0 0.0 44.56822204589844
 1403638193245096960 0.0 0.0 0.0 546.8255615234375 0.0 17.015878677368164 40.47560119628906
 1403638193345096960 0.0 0.0 0.0 522.8327026367188 0.0 13.14503288269043 20.79961585998535
 1403638193445096960 0.0 0.0 0.0 504.8298645019531 0.0 0.0 4.70159387588501
 1403638193645096960 0.0 0.0 0.0 508.48846435546875 0.0 0.0 7.03894567489624
 1403638193745096960 0.0 0.0 0.0 525.0694580078125 0.0 0.0 18.462692260742188
 1403638193845096960 0.0 0.0 0.0 526.172607421875 0.0 0.0 27.03565216064453
 1403638193945096960 0.0 0.0 0.0 555.7636108398438 0.0 0.0 31.840456008911133
 1403638194145096960 0.0 0.0 0.0 551.8024291992188 0.0 0.0 25.127199172973633
 1403638194245096960 0.0 0.0 0.0 539.2572021484375 0.0 0.0 4.605381011962891
 1403638194345096960 0.0 0.0 0.0 564.15625 0.0 0.0 17.355670928955078
 1403638194445096960 0.0 0.0 0.0 617.0653686523438 0.0 0.0 39.49761199951172
 1403638194645096960 0.0 0.0 0.0 608.0031127929688 0.0 0.0 26.943119049072266
 1403638194745096960 0.0 0.0 0.0 621.8596801757812 0.0 0.0 22.16237449645996
 1403638194845096960 0.0 0.0 0.0 646.3128662109375 0.0 0.0 23.6368465423584
 1403638194945096960 0.0 0.0 0.0 691.7568969726562 0.0 0.0 20.359296798706055
 1403638195145096960 0.0 0.0 0.0 717.4172973632812 0.0 0.0 15.902791976928711
 1403638195245096960 0.0 0.0 0.0 772.5450439453125 0.0 0.0 5.910747528076172
 1403638195345096960 0.0 0.0 0.0 783.7633056640625 0.0 0.0 0.0
 1403638195445096960 0.0 0.0 0.0 858.8910522460938 0.0 0.0 2.7406492233276367
 1403638195645096960 0.0 0.0 0.0 828.5416259765625 0.0 0.0 0.05729655548930168
 1403638195745096960 0.0 0.0 0.0 855.2260131835938 0.0 0.0 7.769142150878906
 1403638195845096960 0.0 0.0 0.0 880.7427368164062 0.0 0.0 0.2264510840177536
 1403638195945096960 0.0 0.0 0.0 926.4033813476562 0.0 0.0 0.0
 1403638196145096960 0.0 0.0 0.0 918.6768798828125 0.0 0.0 0.0
 1403638196245096960 0.0 0.0 0.0 910.9229125976562 0.0 0.0 0.0
 1403638196345096960 0.0 0.0 0.0 930.7418823242188 0.0 0.0 0.0
 1403638196445096960 0.0 0.0 0.0 962.3875732421875 0.0 0.0 0.0
 1403638196645096960 0.0 0.0 0.0 952.4966430664062 0.0 0.0 0.0
 1403638196745096960 0.0 0.0 0.0 945.9683837890625 0.0 0.0 0.0
 1403638196845096960 0.0 0.0 0.0 973.7435913085938 0.0 0.0 0.0
 1403638196945096960 0.0 0.0 0.0 990.2713012695312 0.0 0.0 0.0
 1403638197145096960 0.0 0.0 0.0 958.323974609375 0.0 0.0 0.0
 1403638197245096960 0.0 0.0 0.0 969.5155639648438 0.0 0.0 0.0
 1403638197345096960 0.0 0.0 0.0 941.8953857421875 0.0 0.0 0.0
 1403638197445096960 0.0 0.0 0.0 946.9345092773438 0.0 0.0 0.0
 1403638197645096960 0.0 0.0 0.0 944.8399658203125 0.0 0.0 0.0
 1403638197745096960 0.0 0.0 0.0 948.5503540039062 0.0 0.0 0.0
 1403638197845096960 0.0 0.0 0.0 958.30859375 0.0 0.0 0.0
 1403638197945096960 0.0 0.0 0.0 1025.2196044921875 0.0 0.0 0.0
 1403638198145096960 0.0 0.0 0.0 993.2150268554688 0.0 0.0 0.0
 1403638198245096960 0.0 0.0 0.0 1009.66845703125 0.0 0.0 0.0
 1403638198345096960 0.0 0.0 0.0 1032.46142578125 0.0 0.0 0.0
 1403638198445096960 0.0 0.0 0.0 1059.5228271484375 0.0 0.0 0.0
 1403638198645096960 0.0 0.0 0.0 997.6654663085938 0.0 0.0 0.0
 1403638198745096960 0.0 0.0 0.0 979.4010009765625 0.0 0.0 0.0
 1403638198845096960 0.0 0.0 0.0 1001.143798828125 0.0 0.0 0.0
 1403638198945096960 0.0 0.0 0.0 1045.7286376953125 0.0 0.0 0.0
 1403638199145096960 0.0 0.0 0.0 1055.31494140625 0.0 0.0 0.0
 1403638199245096960 0.0 0.0 0.0 1107.595703125 0.0 0.0 0.0
 1403638199345096960 0.0 0.0 0.0 1136.0653076171875 0.0 0.0 0.0
 1403638199445096960 0.0 0.0 0.0 1204.4300537109375 0.0 0.0 0.0
 1403638199645096960 0.0 0.0 0.0 1268.5936279296875 0.0 0.0 0.0
 1403638199745096960 0.0 0.0 0.0 1356.320556640625 0.0 0.0 0.0
 1403638199845096960 0.0 0.0 0.0 1472.0374755859375 0.0 0.0 0.0
 1403638199945096960 0.0 0.0 0.0 1586.6259765625 0.0 0.0 0.0
 1403638200145096960 0.0 0.0 0.0 1640.33203125 0.0 0.0 0.0
 1403638200245096960 0.0 0.0 0.0 1717.7762451171875 0.0 0.0 0.0
 1403638200345096960 0.0 0.0 0.0 1823.259521484375 0.0 0.0 0.0
 1403638200445096960 0.0 0.0 0.0 1944.3040771484375 0.0 0.0 0.0
 1403638200645096960 0.0 0.0 0.0 1993.999267578125 0.0 0.0 0.0
 1403638200745096960 0.0 0.0 0.0 2081.133056640625 0.0 0.0 0.0
 1403638200845096960 0.0 0.0 0.0 2111.260986328125 0.0 0.0 0.0
 1403638200945096960 0.0 0.0 0.0 2207.46875 0.0 0.0 0.0
 1403638201145096960 0.0 0.0 0.0 2116.99365234375 0.0 0.0 0.0
 1403638201245096960 0.0 0.0 0.0 2142.539794921875 0.0 0.0 0.0
 1403638201345096960 0.0 0.0 0.0 2141.06103515625 0.0 0.0 0.0
 1403638201445096960 0.0 0.0 0.0 2176.52783203125 0.0 0.0 0.0
 1403638201645096960 0.0 0.0 0.0 2212.8056640625 0.0 0.0 0.0
 1403638201745096960 0.0 0.0 0.0 2232.53662109375 0.0 0.0 0.0
 1403638201845096960 0.0 0.0 0.0 2217.09912109375 0.0 0.0 0.0
 1403638201945096960 0.0 0.0 0.0 2338.317138671875 0.0 0.0 0.0
 1403638202145096960 0.0 0.0 0.0 2422.2255859375 0.0 0.0 0.0
 1403638202245096960 0.0 0.0 0.0 2513.18212890625 0.0 0.0 0.0
 1403638202345096960 0.0 0.0 0.0 2574.592529296875 0.0 0.0 0.0
 1403638202445096960 0.0 0.0 0.0 2721.30126953125 0.0 0.0 0.0
 1403638202645096960 0.0 0.0 0.0 2340.781005859375 0.0 8.683465003967285 0.0
 1403638202745096960 0.0 0.0 0.0 2294.996337890625 0.0 0.0 0.0
 1403638202845096960 0.0 0.0 0.0 2011.2811279296875 0.0 4.9483962059021 0.0
 1403638202945096960 0.0 0.0 0.0 1929.1019287109375 0.0 7.763023376464844 0.0
 1403638203145096960 0.0 0.0 0.0 1979.113525390625 0.0 6.47005558013916 0.0
 1403638203245096960 0.0 0.0 0.0 1936.0382080078125 0.0 16.782777786254883 0.0
 1403638203345096960 0.0 0.0 0.0 1914.64111328125 0.0 0.5829864740371704 0.0
 1403638203445096960 0.0 0.0 0.0 1977.4945068359375 0.0 0.0 0.0
 1403638203645096960 0.0 0.0 0.0 1957.88427734375 0.0 0.0 0.0
 1403638203745096960 0.0 0.0 0.0 1964.894775390625 0.0 0.0 0.0
 1403638203845096960 0.0 0.0 0.0 1997.697998046875 0.0 0.0 0.0
 1403638203945096960 0.0 0.0 0.0 2020.0714111328125 0.0 0.0 0.0
 1403638204145096960 0.0 0.0 0.0 1969.000244140625 0.0 0.0 0.0
 1403638204245096960 0.0 0.0 0.0 1978.582275390625 0.0 0.0 0.0
 1403638204345096960 0.0 0.0 0.0 1988.3377685546875 0.0 0.0 0.0
 1403638204445096960 0.0 0.0 0.0 1954.492919921875 0.0 0.0 0.0
 1403638204645096960 0.0 0.0 0.0 1870.3572998046875 0.0 0.0 0.0
 1403638204745096960 0.0 0.0 0.0 1895.018310546875 0.0 0.0 0.0
 1403638204845096960 0.0 0.0 0.0 1859.8660888671875 0.0 6.833286762237549 0.0
 1403638204945096960 0.0 0.0 0.0 2005.4853515625 0.0 0.0 0.0
 1403638205145096960 0.0 0.0 0.0 2005.8143310546875 0.0 0.0 0.0
 1403638205245096960 0.0 0.0 0.0 2147.359130859375 0.0 0.0 0.0
 1403638205345096960 0.0 0.0 0.0 2252.842041015625 0.0 0.0 0.0
 1403638205445096960 0.0 0.0 0.0 2372.12255859375 0.0 0.0 0.0
 1403638205645096960 0.0 0.0 0.0 2411.12548828125 0.0 0.0 0.0
 1403638205745096960 0.0 0.0 0.0 2372.840576171875 0.0 0.0 0.0
 1403638205845096960 0.0 0.0 0.0 2104.489990234375 0.0 0.0 0.0
 1403638205945096960 0.0 0.0 0.0 2256.777099609375 0.0 0.0 0.0
 1403638206145096960 0.0 0.0 0.0 2032.5792236328125 0.0 0.0 0.0
 1403638206245096960 0.0 0.0 0.0 2227.568603515625 0.0 0.0 0.0
 1403638206345096960 0.0 0.0 0.0 2237.03564453125 0.0 0.0 0.0
 1403638206445096960 0.0 0.0 0.0 2244.844970703125 0.0 0.0 0.0
 1403638206645096960 0.0 0.0 0.0 2076.90283203125 0.0 0.0 0.0
 1403638206745096960 0.0 0.0 0.0 2093.1982421875 0.0 0.0 0.0
 1403638206845096960 0.0 0.0 0.0 2000.5721435546875 0.0 0.0 0.0
 1403638206945096960 0.0 0.0 0.0 2080.6708984375 0.0 0.0 0.0
 1403638207145096960 0.0 0.0 0.0 1973.30712890625 0.0 0.0 0.0
 1403638207245096960 0.0 0.0 0.0 1995.093994140625 0.0 0.0 0.0
 1403638207345096960 0.0 0.0 0.0 2040.963623046875 0.0 0.0 0.0
 1403638207445096960 0.0 0.0 0.0 2119.533447265625 0.0 0.0 0.0
 1403638207645096960 0.0 0.0 0.0 2006.5709228515625 0.0 0.0 0.0
 1403638207745096960 0.0 0.0 0.0 2039.012939453125 0.0 0.0 0.0
 1403638207845096960 0.0 0.0 0.0 2029.2166748046875 0.0 0.0 0.0
 1403638207945096960 0.0 0.0 0.0 2049.18017578125 0.0 0.0 0.0
 1403638208145096960 0.0 0.0 0.0 1950.1954345703125 0.0 0.0 0.0
 1403638208245096960 0.0 0.0 0.0 1986.2784423828125 0.0 0.0 0.0
 1403638208345096960 0.0 0.0 0.0 2000.3516845703125 0.0 0.0 0.0
 1403638208445096960 0.0 0.0 0.0 2129.52783203125 0.0 0.0 0.0
 1403638208645096960 0.0 0.0 0.0 2089.6767578125 0.0 0.0 0.0
 1403638208745096960 0.0 0.0 0.0 2094.07373046875 0.0 0.0 0.0
 1403638208845096960 0.0 0.0 0.0 2220.620849609375 0.0 0.0 0.0
 1403638208945096960 0.0 0.0 0.0 2388.251708984375 0.0 0.0 0.0
 1403638209145096960 0.0 0.0 0.0 2345.936279296875 0.0 0.0 0.0
 1403638209245096960 0.0 0.0 0.0 2386.22119140625 0.0 0.0 0.0
 1403638209345096960 0.0 0.0 0.0 2349.85107421875 0.0 0.0 0.0
 1403638209445096960 0.0 0.0 0.0 2398.406494140625 0.0 0.0 0.0
 1403638209645096960 0.0 0.0 0.0 2411.13671875 0.0 0.0 0.0
 1403638209745096960 0.0 0.0 0.0 2448.251708984375 0.0 0.0 0.0
 1403638209845096960 0.0 0.0 0.0 2469.94189453125 0.0 0.0 0.0
 1403638209945096960 0.0 0.0 0.0 2478.51025390625 0.0 0.0 0.0
 1403638210145096960 0.0 0.0 0.0 2412.722900390625 0.0 0.0 0.0
 1403638210245096960 0.0 0.0 0.0 2414.53515625 0.0 0.0 0.0
 1403638210345096960 0.0 0.0 0.0 2445.58740234375 0.0 0.0 0.0
 1403638210445096960 0.0 0.0 0.0 2506.7578125 0.0 0.0 0.0
 1403638210645096960 0.0 0.0 0.0 2431.517822265625 0.0 0.0 0.0
 1403638210745096960 0.0 0.0 0.0 2403.2314453125 0.0 0.0 0.0
 1403638210845096960 0.0 0.0 0.0 2380.904541015625 0.0 0.0 0.0
 1403638210945096960 0.0 0.0 0.0 2448.529052734375 0.0 0.0 0.0
 1403638211145096960 0.0 0.0 0.0 2380.202880859375 0.0 0.0 0.0
 1403638211245096960 0.0 0.0 0.0 2358.98291015625 0.0 0.0 0.0
 1403638211345096960 0.0 0.0 0.0 2347.74658203125 0.0 0.0 0.0
 1403638211445096960 0.0 0.0 0.0 2388.18603515625 0.0 0.0 0.0
 1403638211645096960 0.0 0.0 0.0 2318.7861328125 0.0 0.0 0.0
 1403638211745096960 0.0 0.0 0.0 2307.025634765625 0.0 0.0 0.0
 1403638211845096960 0.0 0.0 0.0 2313.922607421875 0.0 0.0 0.0
 1403638211945096960 0.0 0.0 0.0 2342.940673828125 0.0 0.0 0.0
 1403638212145096960 0.0 0.0 0.0 2243.77880859375 0.0 0.0 0.0
 1403638212245096960 0.0 0.0 0.0 2215.20849609375 0.0 0.0 0.0
 1403638212345096960 0.0 0.0 0.0 2185.156982421875 0.0 0.0 0.0
 1403638212445096960 0.0 0.0 0.0 2354.364990234375 0.0 0.0 0.0
 1403638212645096960 0.0 0.0 0.0 2417.016845703125 0.0 0.0 0.0
 1403638212745096960 0.0 0.0 0.0 2494.58544921875 0.0 0.0 0.0
 1403638212845096960 0.0 0.0 0.0 2240.8486328125 0.0 0.0 0.0
 1403638212945096960 0.0 0.0 0.0 2277.385009765625 0.0 0.0 0.0
 1403638213145096960 0.0 0.0 0.0 2056.581787109375 0.0 0.0 0.0
 1403638213245096960 0.0 0.0 0.0 2065.213134765625 0.0 0.0 0.0
 1403638213345096960 0.0 0.0 0.0 1848.6961669921875 0.0 0.0 0.0
 1403638213445096960 0.0 0.0 0.0 1727.155029296875 0.0 0.0 0.0
 1403638213645096960 0.0 0.0 0.0 1821.22021484375 0.0 0.0 0.0
 1403638213745096960 0.0 0.0 0.0 1813.5225830078125 0.0 0.0 0.0
 1403638213845096960 0.0 0.0 0.0 1814.11279296875 0.0 0.0 0.0
 1403638213945096960 0.0 0.0 0.0 1823.1156005859375 0.0 0.0 0.0
 1403638214145096960 0.0 0.0 0.0 1800.902099609375 0.0 0.0 0.0
 1403638214245096960 0.0 0.0 0.0 1803.1263427734375 0.0 0.0 0.0
 1403638214345096960 0.0 0.0 0.0 1824.0272216796875 0.0 0.0 0.0
 1403638214445096960 0.0 0.0 0.0 1842.2998046875 0.0 0.0 0.0
 1403638214645096960 0.0 0.0 0.0 1698.5908203125 0.0 0.0 0.0
 1403638214745096960 0.0 0.0 0.0 1684.900634765625 0.0 1.9157835245132446 0.0
 1403638214845096960 0.0 0.0 0.0 1680.0738525390625 0.0 0.0 0.0
 1403638214945096960 0.0 0.0 0.0 1741.7249755859375 0.0 0.0 0.0
 1403638215145096960 0.0 0.0 0.0 1674.0908203125 0.0 0.0 0.0
 1403638215245096960 0.0 0.0 0.0 1650.3953857421875 0.0 0.0 0.0
 1403638215345096960 0.0 0.0 0.0 1643.745361328125 0.0 0.0 0.0
 1403638215445096960 0.0 0.0 0.0 1693.81982421875 0.0 0.0 0.0
 1403638215645096960 0.0 0.0 0.0 1675.74365234375 0.0 0.0 0.0
 1403638215745096960 0.0 0.0 0.0 1702.0914306640625 0.0 0.0 0.0
 1403638215845096960 0.0 0.0 0.0 1716.2498779296875 0.0 0.0 0.0
 1403638215945096960 0.0 0.0 0.0 1741.3304443359375 0.0 0.0 0.0
 1403638216145096960 0.0 0.0 0.0 1759.3233642578125 0.0 0.0 0.0
 1403638216245096960 0.0 0.0 0.0 1788.6533203125 0.0 0.0 0.0
 1403638216345096960 0.0 0.0 0.0 1792.630859375 0.0 0.0 0.0
 1403638216445096960 0.0 0.0 0.0 1863.5675048828125 0.0 0.0 0.0
 1403638216645096960 0.0 0.0 0.0 1945.8927001953125 0.0 0.0 0.0
 1403638216745096960 0.0 0.0 0.0 1888.0823974609375 0.0 0.0 0.0
 1403638216845096960 0.0 0.0 0.0 1874.63525390625 0.0 0.0 0.0
 1403638216945096960 0.0 0.0 0.0 2147.239501953125 0.0 0.0 0.0
 1403638217145096960 0.0 0.0 0.0 2219.254150390625 0.0 0.0 0.0
 1403638217245096960 0.0 0.0 0.0 2268.624755859375 0.0 0.0 0.0
 1403638217345096960 0.0 0.0 0.0 2331.677490234375 0.0 0.0 0.0
 1403638217445096960 0.0 0.0 0.0 2406.033203125 0.0 0.0 0.0
 1403638217645096960 0.0 0.0 0.0 2434.092529296875 0.0 0.0 0.0
 1403638217745096960 0.0 0.0 0.0 2420.762451171875 0.0 0.0 0.0
 1403638217845096960 0.0 0.0 0.0 2440.76708984375 0.0 0.0 0.0
 1403638217945096960 0.0 0.0 0.0 2440.670166015625 0.0 0.0 0.0
 1403638218145096960 0.0 0.0 0.0 2427.29248046875 0.0 0.0 0.0
 1403638218245096960 0.0 0.0 0.0 2432.324951171875 0.0 0.0 0.0
 1403638218345096960 0.0 0.0 0.0 2430.325927734375 0.0 0.0 0.0
 1403638218445096960 0.0 0.0 0.0 2421.970458984375 0.0 0.0 0.0
 1403638218645096960 0.0 0.0 0.0 2446.720458984375 0.0 0.0 0.0
 1403638218745096960 0.0 0.0 0.0 2482.9033203125 0.0 0.0 0.0
 1403638218845096960 0.0 0.0 0.0 2480.968505859375 0.0 0.0 0.0
 1403638218945096960 0.0 0.0 0.0 2515.390869140625 0.0 0.0 0.0
 1403638219145096960 0.0 0.0 0.0 2457.0703125 0.0 0.0 0.0
 1403638219245096960 0.0 0.0 0.0 2453.903076171875 0.0 0.0 0.0
 1403638219345096960 0.0 0.0 0.0 2418.3388671875 0.0 0.0 0.0
 1403638219445096960 0.0 0.0 0.0 2417.84716796875 0.0 0.0 0.0
 1403638219645096960 0.0 0.0 0.0 2406.3564453125 0.0 0.0 0.0
 1403638219745096960 0.0 0.0 0.0 2417.368896484375 0.0 0.0 0.0
 1403638219845096960 0.0 0.0 0.0 2442.51220703125 0.0 0.0 0.0
 1403638219945096960 0.0 0.0 0.0 2488.706298828125 0.0 0.0 0.0
 1403638220145096960 0.0 0.0 0.0 2428.7890625 0.0 0.0 0.0
 1403638220245096960 0.0 0.0 0.0 2416.412109375 0.0 0.0 0.0
 1403638220345096960 0.0 0.0 0.0 2461.006591796875 0.0 0.0 0.0
 1403638220445096960 0.0 0.0 0.0 2462.65283203125 0.0 0.0 0.0
 1403638220645096960 0.0 0.0 0.0 2439.8369140625 0.0 0.0 0.0
 1403638220745096960 0.0 0.0 0.0 2445.25830078125 0.0 0.0 0.0
 1403638220845096960 0.0 0.0 0.0 2454.43359375 0.0 0.0 0.0
 1403638220945096960 0.0 0.0 0.0 2468.0673828125 0.0 0.0 0.0
 1403638221145096960 0.0 0.0 0.0 2488.969970703125 0.0 0.0 0.0
 1403638221245096960 0.0 0.0 0.0 2496.156494140625 0.0 0.0 0.0
 1403638221345096960 0.0 0.0 0.0 2507.9345703125 0.0 0.0 0.0
 1403638221445096960 0.0 0.0 0.0 2521.695068359375 0.0 0.0 0.0
 1403638221645096960 0.0 0.0 0.0 2480.34765625 0.0 0.0 0.0
 1403638221745096960 0.0 0.0 0.0 2522.647705078125 0.0 0.0 0.0
 1403638221845096960 0.0 0.0 0.0 2488.167724609375 0.0 0.0 0.0
 1403638221945096960 0.0 0.0 0.0 2515.605712890625 0.0 0.0 0.0
 1403638222145096960 0.0 0.0 0.0 2529.79833984375 0.0 0.0 0.0
 1403638222245096960 0.0 0.0 0.0 2523.529052734375 0.0 0.0 0.0
 1403638222345096960 0.0 0.0 0.0 2536.322509765625 0.0 0.0 0.0
 1403638222445096960 0.0 0.0 0.0 2502.57958984375 0.0 0.0 0.0
 1403638222645096960 0.0 0.0 0.0 2481.441162109375 0.0 0.0 0.0
 1403638222745096960 0.0 0.0 0.0 2481.8310546875 0.0 0.0 0.0
 1403638222845096960 0.0 0.0 0.0 2454.628173828125 0.0 0.0 0.0
 1403638222945096960 0.0 0.0 0.0 2484.49755859375 0.0 0.0 0.0
 1403638223145096960 0.0 0.0 0.0 2572.29248046875 0.0 0.0 0.0
 1403638223245096960 0.0 0.0 0.0 2674.803466796875 0.0 0.0 0.0
 1403638223345096960 0.0 0.0 0.0 2372.839599609375 0.0 0.0 0.0
 1403638223445096960 0.0 0.0 0.0 2297.172607421875 0.0 0.0 0.0
 1403638223645096960 0.0 0.0 0.0 1858.53515625 0.0 0.0 0.0
 1403638223745096960 0.0 0.0 0.0 1848.582275390625 0.0 0.0 0.0
 1403638223845096960 0.0 0.0 0.0 1886.2857666015625 0.0 0.0 0.0
 1403638223945096960 0.0 0.0 0.0 2011.73486328125 0.0 0.0 0.0
 1403638224145096960 0.0 0.0 0.0 2074.611328125 0.0 0.0 0.0
 1403638224245096960 0.0 0.0 0.0 2006.445556640625 0.0 0.0 0.0
 1403638224345096960 0.0 0.0 0.0 1981.4561767578125 0.0 0.0 0.0
 1403638224445096960 0.0 0.0 0.0 2007.50634765625 0.0 0.0 0.0
 1403638224645096960 0.0 0.0 0.0 2111.010498046875 0.0 0.0 0.0
 1403638224745096960 0.0 0.0 0.0 2221.198974609375 0.0 0.0 0.0
 1403638224845096960 0.0 0.0 0.0 2126.328857421875 0.0 8.658838272094727 0.0
 1403638224945096960 0.0 0.0 0.0 2110.919189453125 0.0 0.0 0.0
 1403638225145096960 0.0 0.0 0.0 2104.66943359375 0.0 0.0 0.0
 1403638225245096960 0.0 0.0 0.0 2170.447021484375 0.0 0.0 0.0
 1403638225345096960 0.0 0.0 0.0 2152.8984375 0.0 0.0 0.0
 1403638225445096960 0.0 0.0 0.0 2059.299560546875 0.0 0.0 0.0
 1403638225645096960 0.0 0.0 0.0 1926.8101806640625 0.0 0.0 0.0
 1403638225745096960 0.0 0.0 0.0 2080.438720703125 0.0 0.0 0.0
 1403638225845096960 0.0 0.0 0.0 2187.58154296875 0.0 0.0 0.0
 1403638225945096960 0.0 0.0 0.0 2535.4775390625 0.0 37.567874908447266 0.0
 1403638226145096960 0.0 0.0 0.0 2662.904296875 0.0 40.40940856933594 0.0
 1403638226245096960 0.0 0.0 0.0 2639.01171875 0.0 23.870128631591797 0.0
 1403638226345096960 0.0 0.0 0.0 2575.51318359375 0.0 37.30180740356445 0.0
 1403638226445096960 0.0 0.0 0.0 2584.813232421875 0.0 31.33208465576172 0.0
 1403638226645096960 0.0 0.0 0.0 2558.188720703125 0.0 28.50052833557129 0.0
 1403638226745096960 0.0 0.0 0.0 2554.1123046875 0.0 28.949390411376953 0.0
 1403638226845096960 0.0 0.0 0.0 2561.14794921875 0.0 29.883054733276367 0.0
 1403638226945096960 0.0 0.0 0.0 2562.371826171875 0.0 30.58547592163086 0.0
 1403638227145096960 0.0 0.0 0.0 2562.401611328125 0.0 32.9871940612793 0.0
 1403638227245096960 0.0 0.0 0.0 2561.2578125 0.0 32.83245086669922 0.0
 1403638227345096960 0.0 0.0 0.0 2562.209716796875 0.0 30.35186004638672 0.0
 1403638227445096960 0.0 0.0 0.0 2565.12841796875 0.0 31.96849250793457 0.0
 1403638227645096960 0.0 0.0 0.0 2563.3740234375 0.0 31.823577880859375 0.0
